Length=19
Nodes=405
-----1-----
2 1 6 
4 0 8 
7 5 3 
-----2-----
2 1 6 
4 8 0 
7 5 3 
-----3-----
2 1 0 
4 8 6 
7 5 3 
-----4-----
2 0 1 
4 8 6 
7 5 3 
-----5-----
2 8 1 
4 0 6 
7 5 3 
-----6-----
2 8 1 
4 6 0 
7 5 3 
-----7-----
2 8 1 
4 6 3 
7 5 0 
-----8-----
2 8 1 
4 6 3 
7 0 5 
-----9-----
2 8 1 
4 0 3 
7 6 5 
-----10-----
2 8 1 
0 4 3 
7 6 5 
-----11-----
0 8 1 
2 4 3 
7 6 5 
-----12-----
8 0 1 
2 4 3 
7 6 5 
-----13-----
8 1 0 
2 4 3 
7 6 5 
-----14-----
8 1 3 
2 4 0 
7 6 5 
-----15-----
8 1 3 
2 0 4 
7 6 5 
-----16-----
8 1 3 
0 2 4 
7 6 5 
-----17-----
0 1 3 
8 2 4 
7 6 5 
-----18-----
1 0 3 
8 2 4 
7 6 5 
-----19-----
1 2 3 
8 0 4 
7 6 5 
